11100011
10100000
10100000
10100000
10100000
10100000
11101010
10100101
10100101
10100001
11101010
10100101
10100001
10100101
10010001
11101010
10100101
10100101
11100011
10100000
10000000
10110001
11101010
10111001
10111000
11100011
10100000
10000100
10000101
11110001
10010100
11100011
10001100
10000001
11110111
11001111
10101100
11100011
10100000
10000000
11101000
10010100
11100010
10100000
10100000
10100000
11101000
11110000
11101011
10100101
10000101
10001001
11010111
11111011
10101001
11101011
10100101
10000101
10011001
11001010
11101010
10100101
10100101
10111001
11101101
10100101
10100101
10100101
10101001
11101000
11111110
11100011
10100000
10000000
10000000
11101010
10100101
10100101
10100101
11000100
11100011
10100000
10000000
10010100
11001111
10101101
11101010
10100101
10000101
11100010
10101000
10101010
10101010
10101010
11100011
10101000
10101010
10101010
10101010
11100001
10101000
10110111
10111010
11100000
10100001
11000011
11101011
10100101
10100101
11110001
11110001
11110001
10111001
11100010
10100000
10011100
11100011
10100000
11110000
11101000
10010100
11100011
10100000
11110000
10001000
11101001
10101001
10011000
11100100
10100000
10100000
10100000
10100000
10100000
11101011
10100101
10100101
10100001
11101001
10100001
11111100

